C7 1 1
E4 1 1
1E 0 1
A3 0 1
43 1 1
22 1 1
AE 0 1
E7 0 1
6E 1 1
3B 0 1
1E 1 1
5A 1 1
3B 0 1
20 0 1
0E 1 1
EF 1 1
8C 0 1
B3 0 1
DF 0 0
3A 1 1
EF 1 1
B4 1 1
0C 1 1
EF 1 1
E4 1 1
1E 0 1
5B 1 1
59 0 1
7F 1 1
7E 1 1
DB 0 1
43 0 0
C7 1 1
B4 1 1
7F 1 1
D3 1 1
A0 0 1
DA 1 1
69 0 1
48 1 1
B4 0 1
0E 0 1
C7 1 1
DF 0 1
EC 0 1
79 1 0
38 1 1
B4 1 0
A4 0 0
B4 1 0
90 1 1
B3 1 0
A6 1 1
5B 0 1
38 1 1
E4 1 1
32 1 0
AA 0 1
3A 0 1
6F 1 1
22 1 1
43 0 1
1E 0 0
77 0 1
F8 0 1
79 0 1
1E 1 1
3D 1 1
90 1 1
6C 1 1
6C 1 1
79 1 0
0C 0 1
AB 1 1
8D 1 1
ED 1 0
96 0 1
C7 1 1
C7 1 1
6F 1 1
21 1 1
CA 0 1
6F 1 1
01 0 1
ED 1 0
3D 1 1
7F 1 1
FB 0 1
31 1 1
B0 0 1
3D 1 1
B0 1 0
4E 0 0
F0 0 1
83 1 1
C7 1 1
A0 0 0
38 1 1
8B 1 1
59 0 1
FB 0 0
8B 1 1
F8 0 0
F4 1 1
36 0 0
AE 0 1
FF 0 1
6F 1 1
4E 1 1
A0 1 1
69 0 1
FB 1 1
5B 1 1
C5 1 1
77 0 1
3B 1 1
D4 0 1
DA 0 0
B2 0 0
82 1 1
26 1 1
91 1 1
A1 0 0
B7 1 1
C3 1 1
7C 1 1
48 1 1
8C 1 1
0E 1 1
3D 1 1
90 0 0
3E 1 1
90 1 0
FA 1 1
91 1 1
69 1 1
8D 1 1
C5 1 1
60 0 1
8C 0 1
FD 0 1
4B 1 1
32 0 1
79 0 1
C8 1 1
69 0 1
DF 0 0
5B 1 1
EF 1 1
D3 0 0
20 0 1
82 1 1
7A 1 1
54 0 0
5A 0 0
C7 1 1
77 0 0
90 1 0
C8 1 1
3E 0 1
4B 1 1
7C 0 1
AA 0 0
43 1 1
87 0 0
E6 0 0
21 1 0
B9 1 1
5A 0 0
22 1 1
A4 0 1
1C 1 1
4E 1 1
35 1 1
F6 0 0
5F 1 1
3E 1 1
1E 1 0
A6 1 0
BE 1 1
01 0 1
83 0 1
48 1 1
60 1 0
E6 1 0
8B 1 1
D9 0 1
5B 0 0
C5 0 1
92 1 1
31 0 1
F2 0 0
E6 0 0
54 0 0
1C 1 1
21 1 1
1E 1 1
C4 0 1
8D 0 1
C8 0 0
0A 0 0
5B 0 1
E0 1 1
76 1 1
60 0 0
43 0 1
63 0 0
7A 1 1
93 0 1
5A 0 0
83 0 0
CA 0 0
08 0 0
77 0 0
41 0 1
21 1 1
EC 1 0
CA 0 0
63 1 0
50 0 1
E9 1 1
38 1 1
69 1 1
20 0 0
BE 1 1
C5 1 1
7D 1 1
A7 0 1
42 0 0
7F 1 1
86 1 1
9D 0 0
21 1 1
8A 1 0
1E 0 1
87 1 0
F4 0 0
