0111000100001001
0011011011010010
0110101101111100
1111110000110100
0011111100000001
0111110100011101
0101010111001111
0110100100110010
1001110011101001
0011011110001011
1001110011101110
0110100100110101
0001011101100111
0101111100000000
0111111001110101
0110101101111100
0110100100110110
0111111001110010
1110010111101100
1001101011100100
0011011110001001
1100001000001101
0111111001110111
0101011101100000
0111110100011101
0111111001110110
1001101011100010
0011011011010010
1001110011101011
0101111100000011
1100001000001000
0111000100001111
0011011011010100
1111110000110011
1110010111101010
1001101011100110
0001011101100101
1111110000110011
0101111100000000
1110010111101011
0101111100000110
1101000101011110
0110100100110001
1001110011101111
1001101011100001
0101010111001001
0101010111001010
0001011101100011
0110101101111101
0111110100011000
1011110011011100
1001110011101100
1111110000110110
0110101101111011
0001011101100010
0101010111001110
0111111001110010
1010111111000010
0011111100000011
0110101101111110
0111111001110011
1100001000001100
0001011101100101
1100001000001011
1101000101011010
1111110000110010
1110010111101111
0110101101111011
0101111100000010
1001110011101000
0111110100011011
0101111100000010
1001110011101100
1001110011101010
0110101101111010
0101011101100110
0110100100110100
1100001000001011
1111110000110000
0001011101100101
0110101101111100
0111111001110111
1001101011100101
1001101011100100
1101000101011111
1011110011011010
1110010111101110
1011110011011000
1100001000001111
0101010111001100
1110010111101110
1101000101011011
1001101011100100
0110100100110111
0011011110001101
0011111100000100
1110010111101100
0011111100000100
0011111100000001
0101011101100101
1100001000001000
0101010111001111
1110010111101111
0101111100000011
0101011101100100
1101000101011000
1011110011011101
1101000101011001
0101010111001100
0011111100000001
0111111001110000
0011111100000111
0111000100001010
0011011110001000
1010111111000111
0101011101100111
1101000101011100
0111111001110001
0111110100011110
0101011101100111
0110101101111010
0110100100110100
1011110011011011
0101111100000111
1111110000110110
0101010111001000
1110010111101111
0101111100000101
1101000101011000
0110100100110011
0101010111001010
0101011101100000
1101000101011010
1011110011011110
0001011101100110
0111111001110000
1001110011101110
0101111100000101
1001101011100110
0011011011010000
1001110011101101
0111111001110010
0001011101100001
1011110011011010
0110101101111000
0101111100000010
0111111001110001
1001101011100100
1001101011100010
1111110000110111
1110010111101001
0101011101100000
0011011110001110
0011111100000101
0101011101100110
0110101101111100
1010111111000101
0110100100110000
0111110100011010
1111110000110001
1101000101011010
1111110000110010
0011011110001000
0001011101100101
1111110000110000
1010111111000010
1111110000110100
1111110000110110
0101010111001010
0011111100000110
1010111111000100
0111000100001001
1110010111101000
0001011101100010
0110101101111111
0101010111001001
0110100100110111
0101011101100010
1001110011101101
0111111001110001
0111000100001010
1011110011011000
1001110011101010
0001011101100000
0111111001110110
0110101101111101
0111110100011110
1001101011100111
0011011110001110
1010111111000000
0101011101100101
0011011110001101
1100001000001101
1001110011101110
0101111100000100
0001011101100111
1100001000001000
0111110100011000
0101111100000100
1111110000110110
1101000101011011
0101010111001110
1110010111101010
1001110011101101
0111000100001111
0111110100011010
0011011011010101
1100001000001011
0111111001110010
1111110000110100
1110010111101110
1011110011011110
1110010111101001
1100001000001000
1010111111000010
1100001000001000
0011111100000000
1010111111000101
1001101011100110
0101010111001100
0101111100000011
1100001000001111
0101111100000111
0011011110001000
0101011101100010
0101010111001111
1001110011101111
0101111100000110
1001101011100000
0011111100000001
1010111111000000
0101011101100000
0011111100000100
1001110011101111
0001011101100001
1100001000001010
1100001000001100
0101011101100000
0101010111001100
1101000101011110
0011111100000011
1011110011011100
1011110011011110
1100001000001001
0011011110001011
1011110011011011
0011011011010111
0011111100000100
0101011101100001
1001101011100110
1111110000110011
1111110000110011
1110010111101001
1110010111101011
1010111111000110
0011111100000100
1100001000001101
1101000101011010
0001011101100011
0101111100000011
1001110011101111
0011111100000001
1100001000001100
0111111001110011
1100001000001011
1101000101011000
0101011101100010
1011110011011100
0001011101100001
0110100100110111
1001110011101000
1110010111101101
0110101101111000
0011011011010100
1100001000001010
0101011101100110
0111000100001011
1100001000001001
0011011110001111
0111111001110001
0101010111001110
1011110011011100
1001110011101101
0011011011010101
0111000100001111
0110100100110011
0101111100000001
0111000100001101
0101010111001000
1111110000110110
0111000100001101
0101111100000000
0110100100110101
1101000101011000
0011011110001000
1101000101011000
0011111100000111
0110101101111010
0101011101100001
1110010111101111
