C7 1 1
E4 1 1
E4 0 1
E4 0 1
43 1 1
22 1 1
22 0 1
22 0 1
6E 1 0
6E 0 0
6E 0 0
5A 1 1
5A 0 1
20 1 1
20 0 1
20 0 1
20 0 1
20 0 1
20 0 1
3A 1 0
EF 1 1
EF 0 1
EF 0 1
EF 1 1
E4 1 1
E4 0 1
5B 1 1
5B 0 1
5B 0 1
51 1 1
51 0 1
51 0 1
C7 1 1
C7 0 1
7F 1 1
D3 1 1
D3 0 1
D3 0 1
D3 0 1
D3 0 1
D3 0 1
D3 0 1
C7 1 0
C7 0 0
C7 0 0
C7 0 0
C7 0 0
C7 0 0
C7 0 0
01 1 0
90 1 0
90 0 0
90 0 0
90 0 0
90 0 0
E4 1 1
E4 0 1
E4 0 1
E4 0 1
E4 0 1
B2 1 1
B2 0 1
B2 0 1
B2 0 1
B2 0 1
B2 0 1
B2 0 1
B2 0 1
B2 0 1
B2 0 1
6C 1 1
6C 0 1
6C 0 1
F8 1 1
79 1 1
79 0 1
79 0 1
79 0 1
C7 1 1
C7 0 1
C7 0 1
C7 0 1
6F 1 0
6F 0 0
6F 0 0
6F 0 0
6F 0 0
FB 1 0
FB 0 0
FB 0 0
FB 0 0
B0 1 1
4E 1 0
4E 0 0
8D 1 1
8D 0 1
8D 0 1
8D 0 1
8D 0 1
3F 1 0
FB 1 0
FB 0 0
60 1 0
F4 1 1
F4 0 1
F4 0 1
F4 0 1
F4 0 1
F4 0 1
36 1 1
79 1 1
FB 1 1
FB 0 1
3E 1 1
3E 0 1
3E 0 1
3E 0 1
3E 0 1
3E 0 1
3E 0 1
3E 0 1
91 1 1
91 0 1
91 0 1
91 0 1
91 0 1
48 1 1
68 1 1
0E 1 1
0E 0 1
0E 0 1
3E 1 1
90 1 1
90 0 1
91 1 1
91 0 1
91 0 1
91 0 1
91 0 1
91 0 1
91 0 1
21 1 1
21 0 1
21 0 1
21 0 1
21 0 1
21 0 1
5B 1 1
5B 0 1
5B 0 1
5B 0 1
5B 0 1
7A 1 1
7A 0 1
7A 0 1
7A 0 1
7A 0 1
7A 0 1
C8 1 1
C8 0 1
C8 0 1
C8 0 1
61 1 1
61 0 1
61 0 1
61 0 1
61 0 1
61 0 1
61 0 1
61 0 1
61 0 1
61 0 1
BA 1 0
BA 0 0
BA 0 0
BA 0 0
BA 0 0
BA 0 0
BA 0 0
BA 0 0
BA 0 0
BA 0 0
48 1 1
60 1 1
E6 1 0
E6 0 0
82 1 1
82 0 1
82 0 1
82 0 1
82 0 1
F2 1 0
F2 0 0
F2 0 0
F2 0 0
3E 1 1
3E 0 1
3E 0 1
3E 0 1
3E 0 1
3E 0 1
3E 0 1
26 1 1
76 1 1
60 1 1
60 0 1
60 0 1
7A 1 1
7A 0 1
7A 0 1
7A 0 1
7A 0 1
7A 0 1
7A 0 1
7A 0 1
21 1 0
FA 1 0
FA 0 0
63 1 1
63 0 1
63 0 1
63 0 1
93 1 1
93 0 1
93 0 1
3E 1 1
7D 1 0
7D 0 0
7D 0 0
7D 0 0
7D 0 0
7D 0 0
7D 0 0
7D 0 0
7D 0 0
87 1 1
87 0 1
