C9 1 1
B1 1 1
C2 1 1
0B 1 1
D0 1 1
A1 1 1
77 1 1
50 1 1
A0 1 1
EF 1 1
77 0 1
E8 1 1
3E 1 1
E8 1 1
B2 1 1
C4 1 1
61 1 1
C6 1 1
E4 0 1
95 1 1
42 1 1
ED 1 1
9A 0 1
6C 1 1
01 1 1
69 1 1
7E 0 1
49 1 1
A1 1 1
49 1 1
D9 1 1
48 1 1
69 1 1
CE 1 1
AB 1 1
77 0 1
9A 1 1
C7 1 1
C5 1 1
9A 1 1
4E 1 1
6E 1 1
2F 0 1
71 1 1
25 0 1
D0 1 1
0F 1 1
A2 0 1
61 1 1
DD 1 1
11 1 1
D6 1 1
65 0 1
B2 0 1
B3 1 1
86 1 1
9A 0 1
ED 1 1
25 0 1
32 1 1
69 1 1
EF 0 1
A1 1 1
3E 1 1
C0 1 1
B2 0 1
C7 1 1
B2 0 1
DE 1 1
49 1 1
95 1 1
E4 0 1
71 0 1
D3 0 1
AB 1 1
C6 1 1
0D 0 1
20 1 1
C4 0 1
1D 1 1
43 0 1
8C 1 1
95 1 1
09 1 1
0B 0 1
F3 1 1
AB 1 1
C4 0 1
0B 1 1
0B 1 1
C0 0 1
BC 0 1
C4 0 1
69 1 1
EA 0 1
E4 1 1
1D 1 1
8C 1 1
1B 1 1
EF 1 1
92 1 1
B2 1 1
CD 0 1
32 1 1
40 1 1
69 1 1
3D 1 1
A0 0 1
D0 1 1
9B 1 1
B2 1 1
25 0 1
57 0 1
C9 1 1
75 1 1
D0 1 1
2C 1 1
2C 1 1
89 1 1
FD 0 1
A7 1 1
